1.000000000000000056e-01 1.000000000000000056e-01 1.000000000000000056e-01 5.000000000000000000e-01 5.000000000000000000e-01 1.000000000000000000e+00 6.801999999999999713e-02 7.334119999999999528e-01
1.000000000000000056e-01 1.000000000000000056e-01 1.000000000000000056e-01 5.000000000000000000e-01 1.250000000000000000e+00 1.000000000000000000e+00 1.338169999999999915e-01 1.365663999999999989e+00
1.000000000000000056e-01 1.000000000000000056e-01 1.000000000000000056e-01 5.000000000000000000e-01 2.000000000000000000e+00 1.000000000000000000e+00 1.444159999999999888e-01 2.088442999999999827e+00
1.000000000000000056e-01 1.000000000000000056e-01 1.000000000000000056e-01 1.250000000000000000e+00 5.000000000000000000e-01 1.000000000000000000e+00 1.338169999999999915e-01 1.365663999999999989e+00
1.000000000000000056e-01 1.000000000000000056e-01 1.000000000000000056e-01 1.250000000000000000e+00 1.250000000000000000e+00 1.000000000000000000e+00 5.073400000000000132e-02 1.816591999999999985e+00
1.000000000000000056e-01 1.000000000000000056e-01 1.000000000000000056e-01 1.250000000000000000e+00 2.000000000000000000e+00 1.000000000000000000e+00 8.496900000000000286e-02 2.429654999999999898e+00
1.000000000000000056e-01 1.000000000000000056e-01 1.000000000000000056e-01 2.000000000000000000e+00 5.000000000000000000e-01 1.000000000000000000e+00 1.444159999999999888e-01 2.088442999999999827e+00
1.000000000000000056e-01 1.000000000000000056e-01 1.000000000000000056e-01 2.000000000000000000e+00 1.250000000000000000e+00 1.000000000000000000e+00 8.496900000000000286e-02 2.429654999999999898e+00
1.000000000000000056e-01 1.000000000000000056e-01 1.000000000000000056e-01 2.000000000000000000e+00 2.000000000000000000e+00 1.000000000000000000e+00 3.039899999999999894e-02 2.924821999999999811e+00
1.000000000000000056e-01 1.000000000000000056e-01 2.500000000000000000e-01 5.000000000000000000e-01 5.000000000000000000e-01 1.000000000000000000e+00 2.577999999999999996e-03 7.351539999999999742e-01
1.000000000000000056e-01 1.000000000000000056e-01 2.500000000000000000e-01 5.000000000000000000e-01 1.250000000000000000e+00 1.000000000000000000e+00 9.196000000000000008e-02 1.379990999999999968e+00
1.000000000000000056e-01 1.000000000000000056e-01 2.500000000000000000e-01 5.000000000000000000e-01 2.000000000000000000e+00 1.000000000000000000e+00 5.120639999999999636e-01 2.112945999999999991e+00
1.000000000000000056e-01 1.000000000000000056e-01 2.500000000000000000e-01 1.250000000000000000e+00 5.000000000000000000e-01 1.000000000000000000e+00 9.196000000000000008e-02 1.379990999999999968e+00
1.000000000000000056e-01 1.000000000000000056e-01 2.500000000000000000e-01 1.250000000000000000e+00 1.250000000000000000e+00 1.000000000000000000e+00 5.488500000000000323e-02 1.822492000000000001e+00
1.000000000000000056e-01 1.000000000000000056e-01 2.500000000000000000e-01 1.250000000000000000e+00 2.000000000000000000e+00 1.000000000000000000e+00 1.647619999999999918e-01 2.408942999999999834e+00
1.000000000000000056e-01 1.000000000000000056e-01 2.500000000000000000e-01 2.000000000000000000e+00 5.000000000000000000e-01 1.000000000000000000e+00 5.120639999999999636e-01 2.112945999999999991e+00
1.000000000000000056e-01 1.000000000000000056e-01 2.500000000000000000e-01 2.000000000000000000e+00 1.250000000000000000e+00 1.000000000000000000e+00 1.647619999999999918e-01 2.408942999999999834e+00
1.000000000000000056e-01 1.000000000000000056e-01 2.500000000000000000e-01 2.000000000000000000e+00 2.000000000000000000e+00 1.000000000000000000e+00 1.181019999999999986e-01 2.878175000000000150e+00
1.000000000000000056e-01 1.000000000000000056e-01 4.000000000000000222e-01 5.000000000000000000e-01 5.000000000000000000e-01 1.000000000000000000e+00 3.513299999999999756e-02 7.384659999999999558e-01
1.000000000000000056e-01 1.000000000000000056e-01 4.000000000000000222e-01 5.000000000000000000e-01 1.250000000000000000e+00 1.000000000000000000e+00 1.032700000000000007e-01 1.386104999999999920e+00
1.000000000000000056e-01 1.000000000000000056e-01 4.000000000000000222e-01 5.000000000000000000e-01 2.000000000000000000e+00 1.000000000000000000e+00 2.213849999999999985e-01 2.085516000000000147e+00
1.000000000000000056e-01 1.000000000000000056e-01 4.000000000000000222e-01 1.250000000000000000e+00 5.000000000000000000e-01 1.000000000000000000e+00 1.032700000000000007e-01 1.386104999999999920e+00
1.000000000000000056e-01 1.000000000000000056e-01 4.000000000000000222e-01 1.250000000000000000e+00 1.250000000000000000e+00 1.000000000000000000e+00 1.969190000000000107e-01 1.729200999999999988e+00
1.000000000000000056e-01 1.000000000000000056e-01 4.000000000000000222e-01 1.250000000000000000e+00 2.000000000000000000e+00 1.000000000000000000e+00 1.350409999999999944e-01 2.470651000000000153e+00
1.000000000000000056e-01 1.000000000000000056e-01 4.000000000000000222e-01 2.000000000000000000e+00 5.000000000000000000e-01 1.000000000000000000e+00 2.213849999999999985e-01 2.085516000000000147e+00
1.000000000000000056e-01 1.000000000000000056e-01 4.000000000000000222e-01 2.000000000000000000e+00 1.250000000000000000e+00 1.000000000000000000e+00 1.350409999999999944e-01 2.470651000000000153e+00
1.000000000000000056e-01 1.000000000000000056e-01 4.000000000000000222e-01 2.000000000000000000e+00 2.000000000000000000e+00 1.000000000000000000e+00 7.624400000000000621e-02 2.823712000000000000e+00
1.000000000000000056e-01 2.500000000000000000e-01 1.000000000000000056e-01 5.000000000000000000e-01 5.000000000000000000e-01 1.000000000000000000e+00 1.265719999999999901e-01 7.906339999999999479e-01
1.000000000000000056e-01 2.500000000000000000e-01 1.000000000000000056e-01 5.000000000000000000e-01 1.250000000000000000e+00 1.000000000000000000e+00 1.339300000000000039e-02 1.481586000000000070e+00
1.000000000000000056e-01 2.500000000000000000e-01 1.000000000000000056e-01 5.000000000000000000e-01 2.000000000000000000e+00 1.000000000000000000e+00 9.571200000000000541e-02 2.281928000000000178e+00
1.000000000000000056e-01 2.500000000000000000e-01 1.000000000000000056e-01 1.250000000000000000e+00 5.000000000000000000e-01 1.000000000000000000e+00 3.085390000000000077e-01 1.408477999999999897e+00
1.000000000000000056e-01 2.500000000000000000e-01 1.000000000000000056e-01 1.250000000000000000e+00 1.250000000000000000e+00 1.000000000000000000e+00 1.906680000000000041e-01 1.927435999999999927e+00
1.000000000000000056e-01 2.500000000000000000e-01 1.000000000000000056e-01 1.250000000000000000e+00 2.000000000000000000e+00 1.000000000000000000e+00 1.073479999999999990e-01 2.636334000000000177e+00
1.000000000000000056e-01 2.500000000000000000e-01 1.000000000000000056e-01 2.000000000000000000e+00 5.000000000000000000e-01 1.000000000000000000e+00 4.574619999999999798e-01 2.146637000000000128e+00
1.000000000000000056e-01 2.500000000000000000e-01 1.000000000000000056e-01 2.000000000000000000e+00 1.250000000000000000e+00 1.000000000000000000e+00 3.608649999999999913e-01 2.556998999999999800e+00
1.000000000000000056e-01 2.500000000000000000e-01 1.000000000000000056e-01 2.000000000000000000e+00 2.000000000000000000e+00 1.000000000000000000e+00 2.683450000000000002e-01 3.169131000000000142e+00
1.000000000000000056e-01 2.500000000000000000e-01 2.500000000000000000e-01 5.000000000000000000e-01 5.000000000000000000e-01 1.000000000000000000e+00 1.194500000000000006e-01 7.960679999999999978e-01
1.000000000000000056e-01 2.500000000000000000e-01 2.500000000000000000e-01 5.000000000000000000e-01 1.250000000000000000e+00 1.000000000000000000e+00 1.574560000000000126e-01 1.465068000000000037e+00
1.000000000000000056e-01 2.500000000000000000e-01 2.500000000000000000e-01 5.000000000000000000e-01 2.000000000000000000e+00 1.000000000000000000e+00 3.032179999999999875e-01 2.133598000000000106e+00
1.000000000000000056e-01 2.500000000000000000e-01 2.500000000000000000e-01 1.250000000000000000e+00 5.000000000000000000e-01 1.000000000000000000e+00 3.378479999999999817e-01 1.408797999999999995e+00
1.000000000000000056e-01 2.500000000000000000e-01 2.500000000000000000e-01 1.250000000000000000e+00 1.250000000000000000e+00 1.000000000000000000e+00 2.027639999999999998e-01 1.949626999999999999e+00
1.000000000000000056e-01 2.500000000000000000e-01 2.500000000000000000e-01 1.250000000000000000e+00 2.000000000000000000e+00 1.000000000000000000e+00 1.179639999999999994e-01 2.669100999999999946e+00
1.000000000000000056e-01 2.500000000000000000e-01 2.500000000000000000e-01 2.000000000000000000e+00 5.000000000000000000e-01 1.000000000000000000e+00 5.239660000000000428e-01 2.027454999999999785e+00
1.000000000000000056e-01 2.500000000000000000e-01 2.500000000000000000e-01 2.000000000000000000e+00 1.250000000000000000e+00 1.000000000000000000e+00 4.090590000000000059e-01 2.582314000000000220e+00
1.000000000000000056e-01 2.500000000000000000e-01 2.500000000000000000e-01 2.000000000000000000e+00 2.000000000000000000e+00 1.000000000000000000e+00 3.417160000000000197e-01 3.225405999999999995e+00
1.000000000000000056e-01 2.500000000000000000e-01 4.000000000000000222e-01 5.000000000000000000e-01 5.000000000000000000e-01 1.000000000000000000e+00 1.324210000000000109e-01 8.049619999999999553e-01
1.000000000000000056e-01 2.500000000000000000e-01 4.000000000000000222e-01 5.000000000000000000e-01 1.250000000000000000e+00 1.000000000000000000e+00 9.972300000000000608e-02 1.528167999999999971e+00
1.000000000000000056e-01 2.500000000000000000e-01 4.000000000000000222e-01 5.000000000000000000e-01 2.000000000000000000e+00 1.000000000000000000e+00 1.308779999999999943e-01 2.411748999999999921e+00
1.000000000000000056e-01 2.500000000000000000e-01 4.000000000000000222e-01 1.250000000000000000e+00 5.000000000000000000e-01 1.000000000000000000e+00 3.812389999999999946e-01 1.441343999999999959e+00
1.000000000000000056e-01 2.500000000000000000e-01 4.000000000000000222e-01 1.250000000000000000e+00 1.250000000000000000e+00 1.000000000000000000e+00 3.029129999999999878e-01 1.880892999999999926e+00
1.000000000000000056e-01 2.500000000000000000e-01 4.000000000000000222e-01 1.250000000000000000e+00 2.000000000000000000e+00 1.000000000000000000e+00 1.784479999999999955e-01 2.687905000000000211e+00
1.000000000000000056e-01 2.500000000000000000e-01 4.000000000000000222e-01 2.000000000000000000e+00 5.000000000000000000e-01 1.000000000000000000e+00 6.795879999999999699e-01 2.209351999999999983e+00
1.000000000000000056e-01 2.500000000000000000e-01 4.000000000000000222e-01 2.000000000000000000e+00 1.250000000000000000e+00 1.000000000000000000e+00 6.004180000000000073e-01 2.702509000000000050e+00
1.000000000000000056e-01 2.500000000000000000e-01 4.000000000000000222e-01 2.000000000000000000e+00 2.000000000000000000e+00 1.000000000000000000e+00 6.305500000000000549e-01 3.426992999999999956e+00
1.000000000000000056e-01 4.000000000000000222e-01 1.000000000000000056e-01 5.000000000000000000e-01 5.000000000000000000e-01 1.000000000000000000e+00 2.170860000000000012e-01 8.952890000000000015e-01
1.000000000000000056e-01 4.000000000000000222e-01 1.000000000000000056e-01 5.000000000000000000e-01 1.250000000000000000e+00 1.000000000000000000e+00 1.771560000000000079e-01 1.643035999999999941e+00
1.000000000000000056e-01 4.000000000000000222e-01 1.000000000000000056e-01 5.000000000000000000e-01 2.000000000000000000e+00 1.000000000000000000e+00 7.207900000000000418e-02 2.679202999999999779e+00
1.000000000000000056e-01 4.000000000000000222e-01 1.000000000000000056e-01 1.250000000000000000e+00 5.000000000000000000e-01 1.000000000000000000e+00 5.281059999999999643e-01 1.491149999999999975e+00
1.000000000000000056e-01 4.000000000000000222e-01 1.000000000000000056e-01 1.250000000000000000e+00 1.250000000000000000e+00 1.000000000000000000e+00 3.888630000000000142e-01 2.151750999999999969e+00
1.000000000000000056e-01 4.000000000000000222e-01 1.000000000000000056e-01 1.250000000000000000e+00 2.000000000000000000e+00 1.000000000000000000e+00 2.701370000000000160e-01 3.060324000000000044e+00
1.000000000000000056e-01 4.000000000000000222e-01 1.000000000000000056e-01 2.000000000000000000e+00 5.000000000000000000e-01 1.000000000000000000e+00 8.312669999999999781e-01 2.227602000000000082e+00
1.000000000000000056e-01 4.000000000000000222e-01 1.000000000000000056e-01 2.000000000000000000e+00 1.250000000000000000e+00 1.000000000000000000e+00 6.699150000000000382e-01 2.804886999999999908e+00
1.000000000000000056e-01 4.000000000000000222e-01 1.000000000000000056e-01 2.000000000000000000e+00 2.000000000000000000e+00 1.000000000000000000e+00 6.131590000000000096e-01 3.551496999999999904e+00
1.000000000000000056e-01 4.000000000000000222e-01 2.500000000000000000e-01 5.000000000000000000e-01 5.000000000000000000e-01 1.000000000000000000e+00 2.210570000000000035e-01 9.100399999999999601e-01
1.000000000000000056e-01 4.000000000000000222e-01 2.500000000000000000e-01 5.000000000000000000e-01 1.250000000000000000e+00 1.000000000000000000e+00 3.462100000000000177e-01 1.538184999999999913e+00
1.000000000000000056e-01 4.000000000000000222e-01 2.500000000000000000e-01 5.000000000000000000e-01 2.000000000000000000e+00 1.000000000000000000e+00 5.355000000000000385e-03 2.135902000000000189e+00
1.000000000000000056e-01 4.000000000000000222e-01 2.500000000000000000e-01 1.250000000000000000e+00 5.000000000000000000e-01 1.000000000000000000e+00 6.364509999999999890e-01 1.409996999999999945e+00
1.000000000000000056e-01 4.000000000000000222e-01 2.500000000000000000e-01 1.250000000000000000e+00 1.250000000000000000e+00 1.000000000000000000e+00 4.019710000000000227e-01 2.201255999999999879e+00
1.000000000000000056e-01 4.000000000000000222e-01 2.500000000000000000e-01 1.250000000000000000e+00 2.000000000000000000e+00 1.000000000000000000e+00 3.182189999999999741e-01 3.221246999999999971e+00
1.000000000000000056e-01 4.000000000000000222e-01 2.500000000000000000e-01 2.000000000000000000e+00 5.000000000000000000e-01 1.000000000000000000e+00 9.338920000000000554e-01 2.290249000000000201e+00
1.000000000000000056e-01 4.000000000000000222e-01 2.500000000000000000e-01 2.000000000000000000e+00 1.250000000000000000e+00 1.000000000000000000e+00 7.631069999999999798e-01 2.927951999999999888e+00
1.000000000000000056e-01 4.000000000000000222e-01 2.500000000000000000e-01 2.000000000000000000e+00 2.000000000000000000e+00 1.000000000000000000e+00 6.559310000000000418e-01 3.534171000000000173e+00
1.000000000000000056e-01 4.000000000000000222e-01 4.000000000000000222e-01 5.000000000000000000e-01 5.000000000000000000e-01 1.000000000000000000e+00 2.433579999999999910e-01 9.425229999999999997e-01
1.000000000000000056e-01 4.000000000000000222e-01 4.000000000000000222e-01 5.000000000000000000e-01 1.250000000000000000e+00 1.000000000000000000e+00 9.615100000000000036e-02 1.750328000000000106e+00
1.000000000000000056e-01 4.000000000000000222e-01 4.000000000000000222e-01 5.000000000000000000e-01 2.000000000000000000e+00 1.000000000000000000e+00 2.374199999999999922e-02 3.012021999999999977e+00
1.000000000000000056e-01 4.000000000000000222e-01 4.000000000000000222e-01 1.250000000000000000e+00 5.000000000000000000e-01 1.000000000000000000e+00 6.458599999999999897e-01 1.569430000000000103e+00
1.000000000000000056e-01 4.000000000000000222e-01 4.000000000000000222e-01 1.250000000000000000e+00 1.250000000000000000e+00 1.000000000000000000e+00 4.940499999999999892e-01 2.357819999999999805e+00
1.000000000000000056e-01 4.000000000000000222e-01 4.000000000000000222e-01 1.250000000000000000e+00 2.000000000000000000e+00 1.000000000000000000e+00 4.417030000000000123e-01 3.623768999999999796e+00
1.000000000000000056e-01 4.000000000000000222e-01 4.000000000000000222e-01 2.000000000000000000e+00 5.000000000000000000e-01 1.000000000000000000e+00 1.197664000000000062e+00 2.441974999999999785e+00
1.000000000000000056e-01 4.000000000000000222e-01 4.000000000000000222e-01 2.000000000000000000e+00 1.250000000000000000e+00 1.000000000000000000e+00 1.027622000000000035e+00 3.286719999999999864e+00
1.000000000000000056e-01 4.000000000000000222e-01 4.000000000000000222e-01 2.000000000000000000e+00 2.000000000000000000e+00 1.000000000000000000e+00 1.003659999999999997e+00 4.514702999999999911e+00
2.500000000000000000e-01 1.000000000000000056e-01 1.000000000000000056e-01 5.000000000000000000e-01 5.000000000000000000e-01 1.000000000000000000e+00 1.265719999999999901e-01 7.906339999999999479e-01
2.500000000000000000e-01 1.000000000000000056e-01 1.000000000000000056e-01 5.000000000000000000e-01 1.250000000000000000e+00 1.000000000000000000e+00 3.085390000000000077e-01 1.408477999999999897e+00
2.500000000000000000e-01 1.000000000000000056e-01 1.000000000000000056e-01 5.000000000000000000e-01 2.000000000000000000e+00 1.000000000000000000e+00 4.574619999999999798e-01 2.146637000000000128e+00
2.500000000000000000e-01 1.000000000000000056e-01 1.000000000000000056e-01 1.250000000000000000e+00 5.000000000000000000e-01 1.000000000000000000e+00 1.339300000000000039e-02 1.481586000000000070e+00
2.500000000000000000e-01 1.000000000000000056e-01 1.000000000000000056e-01 1.250000000000000000e+00 1.250000000000000000e+00 1.000000000000000000e+00 1.906680000000000041e-01 1.927435999999999927e+00
2.500000000000000000e-01 1.000000000000000056e-01 1.000000000000000056e-01 1.250000000000000000e+00 2.000000000000000000e+00 1.000000000000000000e+00 3.608649999999999913e-01 2.556998999999999800e+00
2.500000000000000000e-01 1.000000000000000056e-01 1.000000000000000056e-01 2.000000000000000000e+00 5.000000000000000000e-01 1.000000000000000000e+00 9.571200000000000541e-02 2.281928000000000178e+00
2.500000000000000000e-01 1.000000000000000056e-01 1.000000000000000056e-01 2.000000000000000000e+00 1.250000000000000000e+00 1.000000000000000000e+00 1.073479999999999990e-01 2.636334000000000177e+00
2.500000000000000000e-01 1.000000000000000056e-01 1.000000000000000056e-01 2.000000000000000000e+00 2.000000000000000000e+00 1.000000000000000000e+00 2.683450000000000002e-01 3.169131000000000142e+00
2.500000000000000000e-01 1.000000000000000056e-01 2.500000000000000000e-01 5.000000000000000000e-01 5.000000000000000000e-01 1.000000000000000000e+00 1.194500000000000006e-01 7.960679999999999978e-01
2.500000000000000000e-01 1.000000000000000056e-01 2.500000000000000000e-01 5.000000000000000000e-01 1.250000000000000000e+00 1.000000000000000000e+00 3.378479999999999817e-01 1.408797999999999995e+00
2.500000000000000000e-01 1.000000000000000056e-01 2.500000000000000000e-01 5.000000000000000000e-01 2.000000000000000000e+00 1.000000000000000000e+00 5.239660000000000428e-01 2.027454999999999785e+00
2.500000000000000000e-01 1.000000000000000056e-01 2.500000000000000000e-01 1.250000000000000000e+00 5.000000000000000000e-01 1.000000000000000000e+00 1.574560000000000126e-01 1.465068000000000037e+00
2.500000000000000000e-01 1.000000000000000056e-01 2.500000000000000000e-01 1.250000000000000000e+00 1.250000000000000000e+00 1.000000000000000000e+00 2.027639999999999998e-01 1.949626999999999999e+00
2.500000000000000000e-01 1.000000000000000056e-01 2.500000000000000000e-01 1.250000000000000000e+00 2.000000000000000000e+00 1.000000000000000000e+00 4.090590000000000059e-01 2.582314000000000220e+00
2.500000000000000000e-01 1.000000000000000056e-01 2.500000000000000000e-01 2.000000000000000000e+00 5.000000000000000000e-01 1.000000000000000000e+00 3.032179999999999875e-01 2.133598000000000106e+00
2.500000000000000000e-01 1.000000000000000056e-01 2.500000000000000000e-01 2.000000000000000000e+00 1.250000000000000000e+00 1.000000000000000000e+00 1.179639999999999994e-01 2.669100999999999946e+00
2.500000000000000000e-01 1.000000000000000056e-01 2.500000000000000000e-01 2.000000000000000000e+00 2.000000000000000000e+00 1.000000000000000000e+00 3.417160000000000197e-01 3.225405999999999995e+00
2.500000000000000000e-01 1.000000000000000056e-01 4.000000000000000222e-01 5.000000000000000000e-01 5.000000000000000000e-01 1.000000000000000000e+00 1.324210000000000109e-01 8.049619999999999553e-01
2.500000000000000000e-01 1.000000000000000056e-01 4.000000000000000222e-01 5.000000000000000000e-01 1.250000000000000000e+00 1.000000000000000000e+00 3.812389999999999946e-01 1.441343999999999959e+00
2.500000000000000000e-01 1.000000000000000056e-01 4.000000000000000222e-01 5.000000000000000000e-01 2.000000000000000000e+00 1.000000000000000000e+00 6.795879999999999699e-01 2.209351999999999983e+00
2.500000000000000000e-01 1.000000000000000056e-01 4.000000000000000222e-01 1.250000000000000000e+00 5.000000000000000000e-01 1.000000000000000000e+00 9.972300000000000608e-02 1.528167999999999971e+00
2.500000000000000000e-01 1.000000000000000056e-01 4.000000000000000222e-01 1.250000000000000000e+00 1.250000000000000000e+00 1.000000000000000000e+00 3.029129999999999878e-01 1.880892999999999926e+00
2.500000000000000000e-01 1.000000000000000056e-01 4.000000000000000222e-01 1.250000000000000000e+00 2.000000000000000000e+00 1.000000000000000000e+00 6.004180000000000073e-01 2.702509000000000050e+00
2.500000000000000000e-01 1.000000000000000056e-01 4.000000000000000222e-01 2.000000000000000000e+00 5.000000000000000000e-01 1.000000000000000000e+00 1.308779999999999943e-01 2.411748999999999921e+00
2.500000000000000000e-01 1.000000000000000056e-01 4.000000000000000222e-01 2.000000000000000000e+00 1.250000000000000000e+00 1.000000000000000000e+00 1.784479999999999955e-01 2.687905000000000211e+00
2.500000000000000000e-01 1.000000000000000056e-01 4.000000000000000222e-01 2.000000000000000000e+00 2.000000000000000000e+00 1.000000000000000000e+00 6.305500000000000549e-01 3.426992999999999956e+00
2.500000000000000000e-01 2.500000000000000000e-01 1.000000000000000056e-01 5.000000000000000000e-01 5.000000000000000000e-01 1.000000000000000000e+00 1.509600000000000004e-02 8.701309999999999878e-01
2.500000000000000000e-01 2.500000000000000000e-01 1.000000000000000056e-01 5.000000000000000000e-01 1.250000000000000000e+00 1.000000000000000000e+00 2.116639999999999910e-01 1.550740999999999925e+00
2.500000000000000000e-01 2.500000000000000000e-01 1.000000000000000056e-01 5.000000000000000000e-01 2.000000000000000000e+00 1.000000000000000000e+00 3.593770000000000020e-01 2.377593000000000067e+00
2.500000000000000000e-01 2.500000000000000000e-01 1.000000000000000056e-01 1.250000000000000000e+00 5.000000000000000000e-01 1.000000000000000000e+00 2.116639999999999910e-01 1.550740999999999925e+00
2.500000000000000000e-01 2.500000000000000000e-01 1.000000000000000056e-01 1.250000000000000000e+00 1.250000000000000000e+00 1.000000000000000000e+00 7.791800000000000115e-02 2.107539000000000051e+00
2.500000000000000000e-01 2.500000000000000000e-01 1.000000000000000056e-01 1.250000000000000000e+00 2.000000000000000000e+00 1.000000000000000000e+00 1.742049999999999987e-01 2.797825000000000006e+00
2.500000000000000000e-01 2.500000000000000000e-01 1.000000000000000056e-01 2.000000000000000000e+00 5.000000000000000000e-01 1.000000000000000000e+00 3.593770000000000020e-01 2.377593000000000067e+00
2.500000000000000000e-01 2.500000000000000000e-01 1.000000000000000056e-01 2.000000000000000000e+00 1.250000000000000000e+00 1.000000000000000000e+00 1.742049999999999987e-01 2.797825000000000006e+00
2.500000000000000000e-01 2.500000000000000000e-01 1.000000000000000056e-01 2.000000000000000000e+00 2.000000000000000000e+00 1.000000000000000000e+00 2.112610000000000043e-01 3.459559000000000051e+00
2.500000000000000000e-01 2.500000000000000000e-01 2.500000000000000000e-01 5.000000000000000000e-01 5.000000000000000000e-01 1.000000000000000000e+00 3.160400000000000015e-02 8.835060000000000136e-01
2.500000000000000000e-01 2.500000000000000000e-01 2.500000000000000000e-01 5.000000000000000000e-01 1.250000000000000000e+00 1.000000000000000000e+00 4.129419999999999757e-01 1.412498999999999949e+00
2.500000000000000000e-01 2.500000000000000000e-01 2.500000000000000000e-01 5.000000000000000000e-01 2.000000000000000000e+00 1.000000000000000000e+00 3.977979999999999849e-01 1.975988000000000078e+00
2.500000000000000000e-01 2.500000000000000000e-01 2.500000000000000000e-01 1.250000000000000000e+00 5.000000000000000000e-01 1.000000000000000000e+00 4.129419999999999757e-01 1.412498999999999949e+00
2.500000000000000000e-01 2.500000000000000000e-01 2.500000000000000000e-01 1.250000000000000000e+00 1.250000000000000000e+00 1.000000000000000000e+00 8.923599999999999588e-02 2.114285999999999888e+00
2.500000000000000000e-01 2.500000000000000000e-01 2.500000000000000000e-01 1.250000000000000000e+00 2.000000000000000000e+00 1.000000000000000000e+00 2.367289999999999950e-01 2.963966999999999796e+00
2.500000000000000000e-01 2.500000000000000000e-01 2.500000000000000000e-01 2.000000000000000000e+00 5.000000000000000000e-01 1.000000000000000000e+00 3.977979999999999849e-01 1.975988000000000078e+00
2.500000000000000000e-01 2.500000000000000000e-01 2.500000000000000000e-01 2.000000000000000000e+00 1.250000000000000000e+00 1.000000000000000000e+00 2.367289999999999950e-01 2.963966999999999796e+00
2.500000000000000000e-01 2.500000000000000000e-01 2.500000000000000000e-01 2.000000000000000000e+00 2.000000000000000000e+00 1.000000000000000000e+00 6.183799999999999714e-02 3.734967000000000148e+00
2.500000000000000000e-01 2.500000000000000000e-01 4.000000000000000222e-01 5.000000000000000000e-01 5.000000000000000000e-01 1.000000000000000000e+00 4.202499999999999986e-02 9.089089999999999669e-01
2.500000000000000000e-01 2.500000000000000000e-01 4.000000000000000222e-01 5.000000000000000000e-01 1.250000000000000000e+00 1.000000000000000000e+00 2.399340000000000084e-01 1.596146999999999982e+00
2.500000000000000000e-01 2.500000000000000000e-01 4.000000000000000222e-01 5.000000000000000000e-01 2.000000000000000000e+00 1.000000000000000000e+00 5.171179999999999666e-01 2.601709000000000049e+00
2.500000000000000000e-01 2.500000000000000000e-01 4.000000000000000222e-01 1.250000000000000000e+00 5.000000000000000000e-01 1.000000000000000000e+00 2.399340000000000084e-01 1.596146999999999982e+00
2.500000000000000000e-01 2.500000000000000000e-01 4.000000000000000222e-01 1.250000000000000000e+00 1.250000000000000000e+00 1.000000000000000000e+00 4.216500000000000109e-02 2.264454000000000189e+00
2.500000000000000000e-01 2.500000000000000000e-01 4.000000000000000222e-01 1.250000000000000000e+00 2.000000000000000000e+00 1.000000000000000000e+00 2.790320000000000022e-01 3.191488000000000103e+00
2.500000000000000000e-01 2.500000000000000000e-01 4.000000000000000222e-01 2.000000000000000000e+00 5.000000000000000000e-01 1.000000000000000000e+00 5.171179999999999666e-01 2.601709000000000049e+00
2.500000000000000000e-01 2.500000000000000000e-01 4.000000000000000222e-01 2.000000000000000000e+00 1.250000000000000000e+00 1.000000000000000000e+00 2.790320000000000022e-01 3.191488000000000103e+00
2.500000000000000000e-01 2.500000000000000000e-01 4.000000000000000222e-01 2.000000000000000000e+00 2.000000000000000000e+00 1.000000000000000000e+00 8.862200000000000633e-02 4.241310000000000358e+00
2.500000000000000000e-01 4.000000000000000222e-01 1.000000000000000056e-01 5.000000000000000000e-01 5.000000000000000000e-01 1.000000000000000000e+00 1.283509999999999929e-01 1.000442000000000053e+00
2.500000000000000000e-01 4.000000000000000222e-01 1.000000000000000056e-01 5.000000000000000000e-01 1.250000000000000000e+00 1.000000000000000000e+00 1.379519999999999913e-01 1.786599999999999966e+00
2.500000000000000000e-01 4.000000000000000222e-01 1.000000000000000056e-01 5.000000000000000000e-01 2.000000000000000000e+00 1.000000000000000000e+00 2.721959999999999935e-01 2.864453999999999834e+00
2.500000000000000000e-01 4.000000000000000222e-01 1.000000000000000056e-01 1.250000000000000000e+00 5.000000000000000000e-01 1.000000000000000000e+00 4.142480000000000051e-01 1.677253000000000105e+00
2.500000000000000000e-01 4.000000000000000222e-01 1.000000000000000056e-01 1.250000000000000000e+00 1.250000000000000000e+00 1.000000000000000000e+00 1.727700000000000069e-01 2.392396999999999885e+00
2.500000000000000000e-01 4.000000000000000222e-01 1.000000000000000056e-01 1.250000000000000000e+00 2.000000000000000000e+00 1.000000000000000000e+00 7.161399999999999710e-02 3.473256000000000121e+00
2.500000000000000000e-01 4.000000000000000222e-01 1.000000000000000056e-01 2.000000000000000000e+00 5.000000000000000000e-01 1.000000000000000000e+00 6.842110000000000136e-01 2.614504999999999857e+00
2.500000000000000000e-01 4.000000000000000222e-01 1.000000000000000056e-01 2.000000000000000000e+00 1.250000000000000000e+00 1.000000000000000000e+00 4.426970000000000072e-01 3.330636000000000152e+00
2.500000000000000000e-01 4.000000000000000222e-01 1.000000000000000056e-01 2.000000000000000000e+00 2.000000000000000000e+00 1.000000000000000000e+00 2.980720000000000036e-01 4.297161000000000008e+00
2.500000000000000000e-01 4.000000000000000222e-01 2.500000000000000000e-01 5.000000000000000000e-01 5.000000000000000000e-01 1.000000000000000000e+00 1.192379999999999968e-01 1.019180999999999893e+00
2.500000000000000000e-01 4.000000000000000222e-01 2.500000000000000000e-01 5.000000000000000000e-01 1.250000000000000000e+00 1.000000000000000000e+00 2.134220000000000006e-01 1.784721999999999920e+00
2.500000000000000000e-01 4.000000000000000222e-01 2.500000000000000000e-01 5.000000000000000000e-01 2.000000000000000000e+00 1.000000000000000000e+00 2.959339999999999749e-01 2.977780000000000094e+00
2.500000000000000000e-01 4.000000000000000222e-01 2.500000000000000000e-01 1.250000000000000000e+00 5.000000000000000000e-01 1.000000000000000000e+00 4.414250000000000118e-01 1.707324000000000064e+00
2.500000000000000000e-01 4.000000000000000222e-01 2.500000000000000000e-01 1.250000000000000000e+00 1.250000000000000000e+00 1.000000000000000000e+00 1.933290000000000008e-01 2.494994999999999852e+00
2.500000000000000000e-01 4.000000000000000222e-01 2.500000000000000000e-01 1.250000000000000000e+00 2.000000000000000000e+00 1.000000000000000000e+00 1.397480000000000111e-01 3.665677000000000074e+00
2.500000000000000000e-01 4.000000000000000222e-01 2.500000000000000000e-01 2.000000000000000000e+00 5.000000000000000000e-01 1.000000000000000000e+00 7.587249999999999828e-01 2.729426999999999826e+00
2.500000000000000000e-01 4.000000000000000222e-01 2.500000000000000000e-01 2.000000000000000000e+00 1.250000000000000000e+00 1.000000000000000000e+00 4.978270000000000195e-01 3.470444000000000084e+00
2.500000000000000000e-01 4.000000000000000222e-01 2.500000000000000000e-01 2.000000000000000000e+00 2.000000000000000000e+00 1.000000000000000000e+00 3.005590000000000206e-01 4.725591999999999793e+00
2.500000000000000000e-01 4.000000000000000222e-01 4.000000000000000222e-01 5.000000000000000000e-01 5.000000000000000000e-01 1.000000000000000000e+00 1.095519999999999966e-01 1.065614999999999979e+00
2.500000000000000000e-01 4.000000000000000222e-01 4.000000000000000222e-01 5.000000000000000000e-01 1.250000000000000000e+00 1.000000000000000000e+00 3.228770000000000251e-01 1.969119000000000064e+00
2.500000000000000000e-01 4.000000000000000222e-01 4.000000000000000222e-01 5.000000000000000000e-01 2.000000000000000000e+00 1.000000000000000000e+00 4.176099999999999812e-01 3.255824000000000051e+00
2.500000000000000000e-01 4.000000000000000222e-01 4.000000000000000222e-01 1.250000000000000000e+00 5.000000000000000000e-01 1.000000000000000000e+00 4.734160000000000035e-01 1.842637000000000080e+00
2.500000000000000000e-01 4.000000000000000222e-01 4.000000000000000222e-01 1.250000000000000000e+00 1.250000000000000000e+00 1.000000000000000000e+00 2.234949999999999992e-01 2.713652999999999871e+00
2.500000000000000000e-01 4.000000000000000222e-01 4.000000000000000222e-01 1.250000000000000000e+00 2.000000000000000000e+00 1.000000000000000000e+00 1.718909999999999882e-01 4.307621000000000144e+00
2.500000000000000000e-01 4.000000000000000222e-01 4.000000000000000222e-01 2.000000000000000000e+00 5.000000000000000000e-01 1.000000000000000000e+00 9.381490000000000107e-01 3.068576000000000192e+00
2.500000000000000000e-01 4.000000000000000222e-01 4.000000000000000222e-01 2.000000000000000000e+00 1.250000000000000000e+00 1.000000000000000000e+00 6.672120000000000273e-01 4.121184999999999654e+00
2.500000000000000000e-01 4.000000000000000222e-01 4.000000000000000222e-01 2.000000000000000000e+00 2.000000000000000000e+00 1.000000000000000000e+00 5.045079999999999565e-01 6.014378999999999920e+00
4.000000000000000222e-01 1.000000000000000056e-01 1.000000000000000056e-01 5.000000000000000000e-01 5.000000000000000000e-01 1.000000000000000000e+00 2.170860000000000012e-01 8.952890000000000015e-01
4.000000000000000222e-01 1.000000000000000056e-01 1.000000000000000056e-01 5.000000000000000000e-01 1.250000000000000000e+00 1.000000000000000000e+00 5.281059999999999643e-01 1.491149999999999975e+00
4.000000000000000222e-01 1.000000000000000056e-01 1.000000000000000056e-01 5.000000000000000000e-01 2.000000000000000000e+00 1.000000000000000000e+00 8.312669999999999781e-01 2.227602000000000082e+00
4.000000000000000222e-01 1.000000000000000056e-01 1.000000000000000056e-01 1.250000000000000000e+00 5.000000000000000000e-01 1.000000000000000000e+00 1.771560000000000079e-01 1.643035999999999941e+00
4.000000000000000222e-01 1.000000000000000056e-01 1.000000000000000056e-01 1.250000000000000000e+00 1.250000000000000000e+00 1.000000000000000000e+00 3.888630000000000142e-01 2.151750999999999969e+00
4.000000000000000222e-01 1.000000000000000056e-01 1.000000000000000056e-01 1.250000000000000000e+00 2.000000000000000000e+00 1.000000000000000000e+00 6.699150000000000382e-01 2.804886999999999908e+00
4.000000000000000222e-01 1.000000000000000056e-01 1.000000000000000056e-01 2.000000000000000000e+00 5.000000000000000000e-01 1.000000000000000000e+00 7.207900000000000418e-02 2.679202999999999779e+00
4.000000000000000222e-01 1.000000000000000056e-01 1.000000000000000056e-01 2.000000000000000000e+00 1.250000000000000000e+00 1.000000000000000000e+00 2.701370000000000160e-01 3.060324000000000044e+00
4.000000000000000222e-01 1.000000000000000056e-01 1.000000000000000056e-01 2.000000000000000000e+00 2.000000000000000000e+00 1.000000000000000000e+00 6.131590000000000096e-01 3.551496999999999904e+00
4.000000000000000222e-01 1.000000000000000056e-01 2.500000000000000000e-01 5.000000000000000000e-01 5.000000000000000000e-01 1.000000000000000000e+00 2.210570000000000035e-01 9.100399999999999601e-01
4.000000000000000222e-01 1.000000000000000056e-01 2.500000000000000000e-01 5.000000000000000000e-01 1.250000000000000000e+00 1.000000000000000000e+00 6.364509999999999890e-01 1.409996999999999945e+00
4.000000000000000222e-01 1.000000000000000056e-01 2.500000000000000000e-01 5.000000000000000000e-01 2.000000000000000000e+00 1.000000000000000000e+00 9.338920000000000554e-01 2.290249000000000201e+00
4.000000000000000222e-01 1.000000000000000056e-01 2.500000000000000000e-01 1.250000000000000000e+00 5.000000000000000000e-01 1.000000000000000000e+00 3.462100000000000177e-01 1.538184999999999913e+00
4.000000000000000222e-01 1.000000000000000056e-01 2.500000000000000000e-01 1.250000000000000000e+00 1.250000000000000000e+00 1.000000000000000000e+00 4.019710000000000227e-01 2.201255999999999879e+00
4.000000000000000222e-01 1.000000000000000056e-01 2.500000000000000000e-01 1.250000000000000000e+00 2.000000000000000000e+00 1.000000000000000000e+00 7.631069999999999798e-01 2.927951999999999888e+00
4.000000000000000222e-01 1.000000000000000056e-01 2.500000000000000000e-01 2.000000000000000000e+00 5.000000000000000000e-01 1.000000000000000000e+00 5.355000000000000385e-03 2.135902000000000189e+00
4.000000000000000222e-01 1.000000000000000056e-01 2.500000000000000000e-01 2.000000000000000000e+00 1.250000000000000000e+00 1.000000000000000000e+00 3.182189999999999741e-01 3.221246999999999971e+00
4.000000000000000222e-01 1.000000000000000056e-01 2.500000000000000000e-01 2.000000000000000000e+00 2.000000000000000000e+00 1.000000000000000000e+00 6.559310000000000418e-01 3.534171000000000173e+00
4.000000000000000222e-01 1.000000000000000056e-01 4.000000000000000222e-01 5.000000000000000000e-01 5.000000000000000000e-01 1.000000000000000000e+00 2.433579999999999910e-01 9.425229999999999997e-01
4.000000000000000222e-01 1.000000000000000056e-01 4.000000000000000222e-01 5.000000000000000000e-01 1.250000000000000000e+00 1.000000000000000000e+00 6.458599999999999897e-01 1.569430000000000103e+00
4.000000000000000222e-01 1.000000000000000056e-01 4.000000000000000222e-01 5.000000000000000000e-01 2.000000000000000000e+00 1.000000000000000000e+00 1.197664000000000062e+00 2.441974999999999785e+00
4.000000000000000222e-01 1.000000000000000056e-01 4.000000000000000222e-01 1.250000000000000000e+00 5.000000000000000000e-01 1.000000000000000000e+00 9.615100000000000036e-02 1.750328000000000106e+00
4.000000000000000222e-01 1.000000000000000056e-01 4.000000000000000222e-01 1.250000000000000000e+00 1.250000000000000000e+00 1.000000000000000000e+00 4.940499999999999892e-01 2.357819999999999805e+00
4.000000000000000222e-01 1.000000000000000056e-01 4.000000000000000222e-01 1.250000000000000000e+00 2.000000000000000000e+00 1.000000000000000000e+00 1.027622000000000035e+00 3.286719999999999864e+00
4.000000000000000222e-01 1.000000000000000056e-01 4.000000000000000222e-01 2.000000000000000000e+00 5.000000000000000000e-01 1.000000000000000000e+00 2.374199999999999922e-02 3.012021999999999977e+00
4.000000000000000222e-01 1.000000000000000056e-01 4.000000000000000222e-01 2.000000000000000000e+00 1.250000000000000000e+00 1.000000000000000000e+00 4.417030000000000123e-01 3.623768999999999796e+00
4.000000000000000222e-01 1.000000000000000056e-01 4.000000000000000222e-01 2.000000000000000000e+00 2.000000000000000000e+00 1.000000000000000000e+00 1.003659999999999997e+00 4.514702999999999911e+00
4.000000000000000222e-01 2.500000000000000000e-01 1.000000000000000056e-01 5.000000000000000000e-01 5.000000000000000000e-01 1.000000000000000000e+00 1.283509999999999929e-01 1.000442000000000053e+00
4.000000000000000222e-01 2.500000000000000000e-01 1.000000000000000056e-01 5.000000000000000000e-01 1.250000000000000000e+00 1.000000000000000000e+00 4.142480000000000051e-01 1.677253000000000105e+00
4.000000000000000222e-01 2.500000000000000000e-01 1.000000000000000056e-01 5.000000000000000000e-01 2.000000000000000000e+00 1.000000000000000000e+00 6.842110000000000136e-01 2.614504999999999857e+00
4.000000000000000222e-01 2.500000000000000000e-01 1.000000000000000056e-01 1.250000000000000000e+00 5.000000000000000000e-01 1.000000000000000000e+00 1.379519999999999913e-01 1.786599999999999966e+00
4.000000000000000222e-01 2.500000000000000000e-01 1.000000000000000056e-01 1.250000000000000000e+00 1.250000000000000000e+00 1.000000000000000000e+00 1.727700000000000069e-01 2.392396999999999885e+00
4.000000000000000222e-01 2.500000000000000000e-01 1.000000000000000056e-01 1.250000000000000000e+00 2.000000000000000000e+00 1.000000000000000000e+00 4.426970000000000072e-01 3.330636000000000152e+00
4.000000000000000222e-01 2.500000000000000000e-01 1.000000000000000056e-01 2.000000000000000000e+00 5.000000000000000000e-01 1.000000000000000000e+00 2.721959999999999935e-01 2.864453999999999834e+00
4.000000000000000222e-01 2.500000000000000000e-01 1.000000000000000056e-01 2.000000000000000000e+00 1.250000000000000000e+00 1.000000000000000000e+00 7.161399999999999710e-02 3.473256000000000121e+00
4.000000000000000222e-01 2.500000000000000000e-01 1.000000000000000056e-01 2.000000000000000000e+00 2.000000000000000000e+00 1.000000000000000000e+00 2.980720000000000036e-01 4.297161000000000008e+00
4.000000000000000222e-01 2.500000000000000000e-01 2.500000000000000000e-01 5.000000000000000000e-01 5.000000000000000000e-01 1.000000000000000000e+00 1.192379999999999968e-01 1.019180999999999893e+00
4.000000000000000222e-01 2.500000000000000000e-01 2.500000000000000000e-01 5.000000000000000000e-01 1.250000000000000000e+00 1.000000000000000000e+00 4.414250000000000118e-01 1.707324000000000064e+00
4.000000000000000222e-01 2.500000000000000000e-01 2.500000000000000000e-01 5.000000000000000000e-01 2.000000000000000000e+00 1.000000000000000000e+00 7.587249999999999828e-01 2.729426999999999826e+00
4.000000000000000222e-01 2.500000000000000000e-01 2.500000000000000000e-01 1.250000000000000000e+00 5.000000000000000000e-01 1.000000000000000000e+00 2.134220000000000006e-01 1.784721999999999920e+00
4.000000000000000222e-01 2.500000000000000000e-01 2.500000000000000000e-01 1.250000000000000000e+00 1.250000000000000000e+00 1.000000000000000000e+00 1.933290000000000008e-01 2.494994999999999852e+00
4.000000000000000222e-01 2.500000000000000000e-01 2.500000000000000000e-01 1.250000000000000000e+00 2.000000000000000000e+00 1.000000000000000000e+00 4.978270000000000195e-01 3.470444000000000084e+00
4.000000000000000222e-01 2.500000000000000000e-01 2.500000000000000000e-01 2.000000000000000000e+00 5.000000000000000000e-01 1.000000000000000000e+00 2.959339999999999749e-01 2.977780000000000094e+00
4.000000000000000222e-01 2.500000000000000000e-01 2.500000000000000000e-01 2.000000000000000000e+00 1.250000000000000000e+00 1.000000000000000000e+00 1.397480000000000111e-01 3.665677000000000074e+00
4.000000000000000222e-01 2.500000000000000000e-01 2.500000000000000000e-01 2.000000000000000000e+00 2.000000000000000000e+00 1.000000000000000000e+00 3.005590000000000206e-01 4.725591999999999793e+00
4.000000000000000222e-01 2.500000000000000000e-01 4.000000000000000222e-01 5.000000000000000000e-01 5.000000000000000000e-01 1.000000000000000000e+00 1.095519999999999966e-01 1.065614999999999979e+00
4.000000000000000222e-01 2.500000000000000000e-01 4.000000000000000222e-01 5.000000000000000000e-01 1.250000000000000000e+00 1.000000000000000000e+00 4.734160000000000035e-01 1.842637000000000080e+00
4.000000000000000222e-01 2.500000000000000000e-01 4.000000000000000222e-01 5.000000000000000000e-01 2.000000000000000000e+00 1.000000000000000000e+00 9.381490000000000107e-01 3.068576000000000192e+00
4.000000000000000222e-01 2.500000000000000000e-01 4.000000000000000222e-01 1.250000000000000000e+00 5.000000000000000000e-01 1.000000000000000000e+00 3.228770000000000251e-01 1.969119000000000064e+00
4.000000000000000222e-01 2.500000000000000000e-01 4.000000000000000222e-01 1.250000000000000000e+00 1.250000000000000000e+00 1.000000000000000000e+00 2.234949999999999992e-01 2.713652999999999871e+00
4.000000000000000222e-01 2.500000000000000000e-01 4.000000000000000222e-01 1.250000000000000000e+00 2.000000000000000000e+00 1.000000000000000000e+00 6.672120000000000273e-01 4.121184999999999654e+00
4.000000000000000222e-01 2.500000000000000000e-01 4.000000000000000222e-01 2.000000000000000000e+00 5.000000000000000000e-01 1.000000000000000000e+00 4.176099999999999812e-01 3.255824000000000051e+00
4.000000000000000222e-01 2.500000000000000000e-01 4.000000000000000222e-01 2.000000000000000000e+00 1.250000000000000000e+00 1.000000000000000000e+00 1.718909999999999882e-01 4.307621000000000144e+00
4.000000000000000222e-01 2.500000000000000000e-01 4.000000000000000222e-01 2.000000000000000000e+00 2.000000000000000000e+00 1.000000000000000000e+00 5.045079999999999565e-01 6.014378999999999920e+00
4.000000000000000222e-01 4.000000000000000222e-01 1.000000000000000056e-01 5.000000000000000000e-01 5.000000000000000000e-01 1.000000000000000000e+00 7.183000000000000149e-03 1.151173999999999920e+00
4.000000000000000222e-01 4.000000000000000222e-01 1.000000000000000056e-01 5.000000000000000000e-01 1.250000000000000000e+00 1.000000000000000000e+00 2.960030000000000161e-01 2.010994999999999866e+00
4.000000000000000222e-01 4.000000000000000222e-01 1.000000000000000056e-01 5.000000000000000000e-01 2.000000000000000000e+00 1.000000000000000000e+00 5.655050000000000354e-01 3.297425000000000050e+00
4.000000000000000222e-01 4.000000000000000222e-01 1.000000000000000056e-01 1.250000000000000000e+00 5.000000000000000000e-01 1.000000000000000000e+00 2.960030000000000161e-01 2.010994999999999866e+00
4.000000000000000222e-01 4.000000000000000222e-01 1.000000000000000056e-01 1.250000000000000000e+00 1.250000000000000000e+00 1.000000000000000000e+00 9.508700000000000485e-02 2.860559999999999992e+00
4.000000000000000222e-01 4.000000000000000222e-01 1.000000000000000056e-01 1.250000000000000000e+00 2.000000000000000000e+00 1.000000000000000000e+00 3.478100000000000080e-01 4.239086999999999605e+00
4.000000000000000222e-01 4.000000000000000222e-01 1.000000000000000056e-01 2.000000000000000000e+00 5.000000000000000000e-01 1.000000000000000000e+00 5.655050000000000354e-01 3.297425000000000050e+00
4.000000000000000222e-01 4.000000000000000222e-01 1.000000000000000056e-01 2.000000000000000000e+00 1.250000000000000000e+00 1.000000000000000000e+00 3.478100000000000080e-01 4.239086999999999605e+00
4.000000000000000222e-01 4.000000000000000222e-01 1.000000000000000056e-01 2.000000000000000000e+00 2.000000000000000000e+00 1.000000000000000000e+00 1.807500000000000079e-02 5.806879999999999598e+00
4.000000000000000222e-01 4.000000000000000222e-01 2.500000000000000000e-01 5.000000000000000000e-01 5.000000000000000000e-01 1.000000000000000000e+00 1.152599999999999979e-02 1.184828999999999910e+00
4.000000000000000222e-01 4.000000000000000222e-01 2.500000000000000000e-01 5.000000000000000000e-01 1.250000000000000000e+00 1.000000000000000000e+00 3.095499999999999918e-01 2.087943999999999800e+00
4.000000000000000222e-01 4.000000000000000222e-01 2.500000000000000000e-01 5.000000000000000000e-01 2.000000000000000000e+00 1.000000000000000000e+00 6.078270000000000062e-01 3.508138999999999896e+00
4.000000000000000222e-01 4.000000000000000222e-01 2.500000000000000000e-01 1.250000000000000000e+00 5.000000000000000000e-01 1.000000000000000000e+00 3.095499999999999918e-01 2.087943999999999800e+00
4.000000000000000222e-01 4.000000000000000222e-01 2.500000000000000000e-01 1.250000000000000000e+00 1.250000000000000000e+00 1.000000000000000000e+00 1.542939999999999867e-01 3.019195999999999991e+00
4.000000000000000222e-01 4.000000000000000222e-01 2.500000000000000000e-01 1.250000000000000000e+00 2.000000000000000000e+00 1.000000000000000000e+00 2.875119999999999898e-01 4.645717999999999570e+00
4.000000000000000222e-01 4.000000000000000222e-01 2.500000000000000000e-01 2.000000000000000000e+00 5.000000000000000000e-01 1.000000000000000000e+00 6.078270000000000062e-01 3.508138999999999896e+00
4.000000000000000222e-01 4.000000000000000222e-01 2.500000000000000000e-01 2.000000000000000000e+00 1.250000000000000000e+00 1.000000000000000000e+00 2.875119999999999898e-01 4.645717999999999570e+00
4.000000000000000222e-01 4.000000000000000222e-01 2.500000000000000000e-01 2.000000000000000000e+00 2.000000000000000000e+00 1.000000000000000000e+00 1.347800000000000040e-02 5.910212999999999717e+00
4.000000000000000222e-01 4.000000000000000222e-01 4.000000000000000222e-01 5.000000000000000000e-01 5.000000000000000000e-01 1.000000000000000000e+00 1.182700000000000001e-01 1.236758000000000024e+00
4.000000000000000222e-01 4.000000000000000222e-01 4.000000000000000222e-01 5.000000000000000000e-01 1.250000000000000000e+00 1.000000000000000000e+00 3.408610000000000251e-01 2.283573000000000075e+00
4.000000000000000222e-01 4.000000000000000222e-01 4.000000000000000222e-01 5.000000000000000000e-01 2.000000000000000000e+00 1.000000000000000000e+00 7.306580000000000297e-01 4.183167000000000080e+00
4.000000000000000222e-01 4.000000000000000222e-01 4.000000000000000222e-01 1.250000000000000000e+00 5.000000000000000000e-01 1.000000000000000000e+00 3.408610000000000251e-01 2.283573000000000075e+00
4.000000000000000222e-01 4.000000000000000222e-01 4.000000000000000222e-01 1.250000000000000000e+00 1.250000000000000000e+00 1.000000000000000000e+00 7.776500000000000079e-02 3.425756999999999941e+00
4.000000000000000222e-01 4.000000000000000222e-01 4.000000000000000222e-01 1.250000000000000000e+00 2.000000000000000000e+00 1.000000000000000000e+00 3.718719999999999803e-01 5.913594999999999935e+00
4.000000000000000222e-01 4.000000000000000222e-01 4.000000000000000222e-01 2.000000000000000000e+00 5.000000000000000000e-01 1.000000000000000000e+00 7.306580000000000297e-01 4.183167000000000080e+00
4.000000000000000222e-01 4.000000000000000222e-01 4.000000000000000222e-01 2.000000000000000000e+00 1.250000000000000000e+00 1.000000000000000000e+00 3.718719999999999803e-01 5.913594999999999935e+00
4.000000000000000222e-01 4.000000000000000222e-01 4.000000000000000222e-01 2.000000000000000000e+00 2.000000000000000000e+00 1.000000000000000000e+00 3.823599999999999915e-02 9.300451000000000690e+00
